1000 0.000000
2000 0.000000
3000 0.004000
4000 0.004000
5000 0.008000
6000 0.011000
7000 0.014000
8000 0.021000
9000 0.021000
10000 0.029000
11000 0.037000
12000 0.042000
13000 0.046000
14000 0.058000
15000 0.067000
16000 0.071000
17000 0.087000
18000 0.092000
19000 0.104000
20000 0.117000
21000 0.129000
22000 0.146000
23000 0.150000
24000 0.175000
25000 0.183000
26000 0.196000
27000 0.208000
28000 0.225000
29000 0.242000
30000 0.258000
31000 0.275000
32000 0.296000
33000 0.313000
34000 0.333000
35000 0.355000
36000 0.375000
37000 0.395000
38000 0.417000
39000 0.442000
40000 0.467000
