1000 0.000000
2000 0.004000
3000 0.004000
4000 0.008000
5000 0.013000
6000 0.017000
7000 0.016000
8000 0.025000
9000 0.029000
10000 0.042000
11000 0.046000
12000 0.054000
13000 0.063000
14000 0.079000
15000 0.087000
16000 0.100000
17000 0.112000
18000 0.125000
19000 0.142000
20000 0.154000
21000 0.170000
22000 0.183000
23000 0.205000
24000 0.224000
25000 0.242000
26000 0.258000
27000 0.276000
28000 0.300000
29000 0.321000
30000 0.345000
31000 0.371000
32000 0.396000
33000 0.417000
34000 0.442000
35000 0.466000
36000 0.496000
37000 0.522000
38000 0.549000
39000 0.584000
40000 0.617000
