10000 0.004000
20000 0.000000
30000 0.004000
40000 0.004000
50000 0.004000
60000 0.004000
70000 0.004000
80000 0.004000
90000 0.008000
100000 0.009000
110000 0.008000
120000 0.008000
130000 0.008000
140000 0.013000
150000 0.016000
160000 0.012000
170000 0.016000
180000 0.016000
190000 0.016000
200000 0.018000
210000 0.017000
220000 0.016000
230000 0.016000
240000 0.021000
250000 0.024000
260000 0.019000
270000 0.021000
280000 0.024000
290000 0.025000
300000 0.028000
310000 0.028000
320000 0.031000
330000 0.028000
340000 0.029000
350000 0.029000
360000 0.032000
370000 0.030000
380000 0.033000
390000 0.033000
400000 0.031000
